0 means singular matrix, -1 means length > 100000
[[    1     0     4     6     0    14     8     0    12    62]
 [    0     2     0     6     0    14     0    14     0    62]
 [    4     0     4    12     0    28     8     0    12   124]
 [    6     6    12     0    12   126    24   126     0   682]
 [    0     0     0    12     0    28     0     0     0   124]
 [   14    14    28   126    28    14    56     0   252 65534]
 [    8     0     8    24     0    56     8     0    24   248]
 [    0    14     0   126     0     0     0    14     0 65534]
 [   12     0    12     0     0   252    24     0     0  1364]
 [   62    62   124   682   124 65534   248 65534  1364    62]]
